            0  1  2  3  4  E(X_4|3)
trajectory                         
0           0 -1 -2 -3 -4      -2.6
1           0 -1 -2 -3 -2      -2.6
2           0 -1 -2 -1 -2      -0.6
3           0 -1 -2 -1  0      -0.6
4           0 -1  0 -1 -2      -0.6
5           0 -1  0 -1  0      -0.6
6           0 -1  0  1  0       1.4
7           0 -1  0  1  2       1.4
8           0  1  0 -1 -2      -0.6
9           0  1  0 -1  0      -0.6
10          0  1  0  1  0       1.4
11          0  1  0  1  2       1.4
12          0  1  2  1  0       1.4
13          0  1  2  1  2       1.4
14          0  1  2  3  2       3.4
15          0  1  2  3  4       3.4

Is X a submartingale? True
