Price process of the stock:
 Stochastic process 'price_process':
time          0           1           2           3
trajectory                                         
0           100   90.909091   82.644628   75.131480
1           100   90.909091   82.644628   90.909091
2           100   90.909091  100.000000   90.909091
3           100   90.909091  100.000000  110.000000
4           100  110.000000  100.000000   90.909091
5           100  110.000000  100.000000  110.000000
6           100  110.000000  121.000000  110.000000
7           100  110.000000  121.000000  133.100000

The bank account balance:
 Stochastic process 'non_risky':
time                0          1          2          3
trajectory                                            
0          -50.150931 -50.150931 -24.674118   0.000000
1          -50.150931 -50.150931 -24.674118   0.000000
2          -50.150931 -50.150931 -24.674118 -47.147572
3          -50.150931 -50.150931 -24.674118 -47.147572
4          -50.150931 -50.150931 -73.822294 -47.147572
5          -50.150931 -50.150931 -73.822294 -47.147572
6          -50.150931 -50.150931 -73.822294 -99.009901
7          -50.150931 -50.150931 -73.822294 -99.009901

Number of units of stock held:
 Stochastic process 'risky':
time               0         1         2        3
trajectory                                       
0           0.587304  0.587304  0.301542  0.00000
1           0.587304  0.587304  0.301542  0.00000
2           0.587304  0.587304  0.301542  0.52381
3           0.587304  0.587304  0.301542  0.52381
4           0.587304  0.587304  0.797939  0.52381
5           0.587304  0.587304  0.797939  0.52381
6           0.587304  0.587304  0.797939  1.00000
7           0.587304  0.587304  0.797939  1.00000

Value of the replicating portfolio:
 Stochastic process 'portfolio_value':
time               0          1          2     3
trajectory                                      
0           8.579463   2.738827   0.000000  -0.0
1           8.579463   2.738827   0.000000  -0.0
2           8.579463   2.738827   5.233380  -0.0
3           8.579463   2.738827   5.233380  10.0
4           8.579463  13.950993   5.233380  -0.0
5           8.579463  13.950993   5.233380  10.0
6           8.579463  13.950993  21.990099  10.0
7           8.579463  13.950993  21.990099  33.1

Fair price of the European call option:
 8.579463133651387

Is the B process predictable:
 True

Is the N process predictable:
 True
