            1  2  3  4  E(X_4|3)
trajectory                      
0          -1 -2 -3 -4      -2.6
1          -1 -2 -3 -2      -2.6
2          -1 -2 -1 -2      -0.6
3          -1 -2 -1  0      -0.6
4          -1  0 -1 -2      -0.6
5          -1  0 -1  0      -0.6
6          -1  0  1  0       1.4
7          -1  0  1  2       1.4
8           1  0 -1 -2      -0.6
9           1  0 -1  0      -0.6
10          1  0  1  0       1.4
11          1  0  1  2       1.4
12          1  2  1  0       1.4
13          1  2  1  2       1.4
14          1  2  3  2       3.4
15          1  2  3  4       3.4

Is X a submartingale? True
